M 13 3 1
M 24 1 1
M 12 2 1
M 34 3 1
E 3 2 1
E 4 2 1
H 134 4 1
M 13 3 1
M 24 3 1
M 12 3 1
M 34 3 1
E 3 2 1
E 4 2 1
H 134 4 1
M 13 3 1
M 24 3 1
M 12 3 1
M 34 3 1
E 3 2 1
E 4 2 1
H 134 4 1
M 13 3 1
M 24 1 1
M 12 2 1
M 34 3 1
E 3 2 1
E 4 2 1
H 134 4 1
M 13 3 1
M 24 3 1
M 12 3 1
M 34 3 1
E 3 2 1
E 4 2 1
H 134 4 1
M 13 3 1
M 24 3 1
M 12 3 1
M 34 3 1
E 3 2 1
E 4 2 1
H 134 4 1
M 13 3 1
M 24 1 1
M 12 2 1
M 34 3 1
E 3 2 1
E 4 2 1
H 134 4 1
M 13 3 1
M 24 3 1
M 12 3 1
M 34 3 1
E 3 2 1
E 4 2 1
H 134 4 1
M 13 3 1
M 24 3 1
M 12 3 1
M 34 3 1
E 3 2 1
E 4 2 1
H 134 4 1
M 13 3 1
M 24 1 1
M 12 2 1
M 34 3 1
E 3 2 1
E 4 2 1
H 134 4 1
M 13 3 1
M 24 3 1
M 12 3 1
M 34 3 1
E 3 2 1
E 4 2 1
H 134 4 1
M 13 3 1
M 24 3 1
M 12 3 1
M 34 3 1
E 3 2 1
E 4 2 1
H 134 4 1
M 13 3 1
M 24 1 1
M 12 2 1
M 34 3 1
E 3 2 1
E 4 2 1
H 134 4 1
M 13 3 1
M 24 3 1
M 12 3 1
M 34 3 1
E 3 2 1
E 4 2 1
H 134 4 1
M 13 3 1
M 24 3 1
M 12 3 1
M 34 3 1
E 3 2 1
E 4 2 1
H 134 4 1